000.jpg [301, 382, 129, 242]
001.jpg [289, 314, 132, 170]
002.jpg [555, 573, 234, 253]
003.jpg [236, 262, 160, 213]
004.jpg [299, 319, 168, 200]
005.jpg [233, 248, 292, 325]
006.jpg [163, 224, 32, 163]
007.jpg [259, 305, 82, 208]
008.jpg [205, 248, 95, 196]
009.jpg [302, 323, 283, 309]
010.jpg [319, 344, 166, 233]
011.jpg [316, 336, 148, 170]
012.jpg [316, 339, 154, 175]
013.jpg [325, 359, 149, 215]
014.jpg [200, 284, 107, 274]
015.jpg [438, 477, 199, 228]
016.jpg [309, 438, 189, 262]
017.jpg [205, 261, 127, 157]
018.jpg [297, 323, 159, 204]
019.jpg [550, 595, 329, 350]
020.jpg [272, 411, 179, 273]
021.jpg [338, 355, 181, 205]
022.jpg [207, 244, 183, 298]
023.jpg [311, 333, 166, 225]
024.jpg [220, 258, 117, 139]
025.jpg [251, 276, 156, 208]
026.jpg [266, 282, 215, 244]
027.jpg [312, 331, 149, 168]
028.jpg [234, 284, 117, 198]
029.jpg [291, 334, 154, 204]
030.jpg [307, 341, 154, 220]
031.jpg [296, 339, 145, 240]
032.jpg [238, 277, 162, 193]
033.jpg [287, 319, 153, 213]
034.jpg [292, 303, 100, 133]
035.jpg [361, 390, 111, 172]
036.jpg [553, 594, 329, 350]
037.jpg [360, 434, 322, 359]
038.jpg [261, 281, 174, 211]
039.jpg [199, 245, 97, 198]
040.jpg [323, 350, 167, 214]
041.jpg [351, 383, 144, 196]
042.jpg [298, 320, 155, 198]
043.jpg [79, 125, 198, 264]
044.jpg [392, 419, 0, 86]
045.jpg [239, 288, 92, 130]
046.jpg [268, 318, 138, 221]
047.jpg [252, 277, 216, 256]
048.jpg [303, 328, 159, 200]
049.jpg [272, 312, 142, 215]
050.jpg [308, 337, 173, 216]
051.jpg [305, 316, 101, 137]
052.jpg [353, 374, 90, 142]
053.jpg [132, 198, 157, 309]
054.jpg [271, 298, 155, 197]
055.jpg [340, 366, 119, 177]
056.jpg [236, 262, 161, 213]
057.jpg [266, 291, 141, 205]
058.jpg [408, 441, 20, 81]
059.jpg [522, 573, 165, 294]
060.jpg [325, 361, 191, 363]
061.jpg [276, 320, 153, 227]
062.jpg [275, 320, 154, 227]
063.jpg [23, 33, 77, 93]
064.jpg [343, 372, 162, 214]
065.jpg [277, 321, 147, 227]
066.jpg [-2, 47, 288, 343]
067.jpg [322, 345, 80, 138]
068.jpg [379, 382, 181, 186]
069.jpg [187, 278, 260, 362]
070.jpg [308, 326, 97, 144]
071.jpg [266, 306, 133, 232]
072.jpg [333, 357, 162, 235]
073.jpg [366, 383, 220, 241]
074.jpg [243, 271, 159, 211]
075.jpg [282, 311, 157, 207]
076.jpg [329, 356, 241, 255]
077.jpg [554, 564, 165, 178]
078.jpg [279, 400, 178, 268]
079.jpg [176, 263, 226, 362]
080.jpg [555, 569, 196, 210]
081.jpg [579, 650, 172, 316]
082.jpg [282, 304, 190, 230]
083.jpg [214, 324, 144, 210]
084.jpg [225, 282, 154, 231]
085.jpg [328, 368, 116, 228]
086.jpg [306, 362, 133, 199]
087.jpg [264, 306, 246, 300]
088.jpg [320, 331, 118, 156]
089.jpg [294, 335, 160, 201]
090.jpg [311, 344, 127, 179]
091.jpg [308, 335, 148, 195]
092.jpg [234, 253, 298, 345]
093.jpg [318, 343, 233, 245]
094.jpg [213, 257, 143, 219]
095.jpg [245, 282, 166, 231]
096.jpg [302, 425, 177, 277]
097.jpg [403, 502, 222, 340]
098.jpg [274, 304, 148, 194]
099.jpg [39, 50, 79, 96]
100.jpg [320, 355, 80, 137]
101.jpg [302, 321, 170, 198]
102.jpg [303, 399, 31, 161]
103.jpg [278, 386, 186, 264]
104.jpg [319, 343, 166, 234]
105.jpg [237, 285, 145, 219]
106.jpg [559, 573, 221, 236]
107.jpg [276, 311, 164, 284]
108.jpg [309, 332, 151, 204]
109.jpg [321, 339, 57, 106]
110.jpg [268, 333, 133, 230]
111.jpg [261, 340, 109, 281]
112.jpg [588, 620, 136, 180]
113.jpg [288, 314, 129, 171]
114.jpg [201, 290, 146, 205]
115.jpg [296, 318, 152, 203]
116.jpg [197, 214, 100, 144]
117.jpg [429, 459, 299, 318]
118.jpg [291, 321, 125, 151]
119.jpg [298, 321, 170, 201]
120.jpg [280, 357, 129, 276]
121.jpg [327, 332, 198, 206]
122.jpg [308, 336, 169, 216]
123.jpg [344, 376, 146, 197]
124.jpg [313, 341, 178, 222]
125.jpg [235, 249, 292, 326]
126.jpg [341, 375, 175, 195]
127.jpg [311, 348, 145, 200]
128.jpg [216, 244, 340, 360]
129.jpg [292, 313, 168, 207]
130.jpg [356, 364, 167, 181]
131.jpg [320, 348, 220, 286]
132.jpg [197, 268, 149, 235]
133.jpg [478, 507, 120, 144]
134.jpg [332, 363, 157, 212]
135.jpg [257, 330, 123, 229]
136.jpg [313, 354, 143, 198]
137.jpg [413, 437, 117, 173]
138.jpg [304, 326, 148, 166]
139.jpg [54, 100, 188, 254]
140.jpg [300, 328, 117, 158]
141.jpg [298, 327, 161, 213]
142.jpg [241, 268, 161, 216]
143.jpg [366, 399, 267, 282]
144.jpg [291, 338, 126, 223]
145.jpg [279, 310, 152, 202]
146.jpg [305, 316, 121, 157]
147.jpg [211, 246, 137, 197]
148.jpg [409, 427, 213, 233]
149.jpg [231, 286, 112, 216]
150.jpg [452, 498, 27, 51]
151.jpg [300, 323, 151, 200]
152.jpg [333, 376, 115, 223]
153.jpg [354, 435, 86, 154]
154.jpg [305, 342, 168, 210]
155.jpg [347, 405, 107, 275]
156.jpg [330, 332, 184, 194]
157.jpg [279, 309, 152, 202]
158.jpg [290, 324, 146, 209]
159.jpg [369, 390, 68, 123]
160.jpg [294, 330, 144, 227]
161.jpg [312, 339, 160, 180]
162.jpg [301, 323, 152, 202]
163.jpg [165, 297, 105, 296]
164.jpg [351, 381, 104, 154]
165.jpg [288, 322, 112, 167]
166.jpg [301, 328, 157, 199]
167.jpg [287, 324, 114, 170]
168.jpg [305, 338, 157, 224]
169.jpg [297, 318, 182, 210]
170.jpg [309, 347, 213, 298]
171.jpg [350, 434, 89, 157]
172.jpg [526, 545, 212, 236]
173.jpg [281, 329, 146, 228]
174.jpg [306, 322, 174, 193]
175.jpg [284, 334, 152, 206]
176.jpg [227, 266, 122, 218]
177.jpg [557, 573, 224, 240]
178.jpg [349, 374, -1, 25]
179.jpg [247, 275, 154, 195]
180.jpg [341, 344, 175, 181]
181.jpg [237, 281, 165, 196]
182.jpg [195, 244, 21, 161]
183.jpg [308, 339, 178, 220]
184.jpg [303, 331, 151, 193]
185.jpg [146, 185, 193, 286]
186.jpg [306, 329, 154, 192]
187.jpg [309, 335, 165, 209]
188.jpg [280, 345, 142, 304]
189.jpg [321, 360, 171, 263]
190.jpg [392, 429, 160, 181]
191.jpg [223, 237, 321, 352]
192.jpg [303, 333, 159, 229]
193.jpg [318, 336, 148, 169]
194.jpg [301, 320, 172, 201]
195.jpg [271, 298, 154, 200]
196.jpg [306, 342, 158, 222]
197.jpg [450, 483, 186, 218]
198.jpg [240, 377, 167, 251]
199.jpg [203, 241, 197, 270]
200.jpg [278, 289, 100, 133]
201.jpg [317, 379, 157, 281]
202.jpg [215, 341, 141, 213]
203.jpg [312, 357, 141, 202]
204.jpg [290, 312, 217, 227]
205.jpg [282, 305, 166, 207]
206.jpg [207, 253, 155, 219]
207.jpg [318, 345, 156, 236]
208.jpg [359, 363, 180, 192]
209.jpg [426, 459, 298, 317]
210.jpg [215, 267, 135, 171]
211.jpg [228, 279, 126, 213]
212.jpg [288, 322, 167, 274]
213.jpg [308, 334, 155, 202]
214.jpg [294, 358, 138, 243]
215.jpg [291, 336, 125, 239]
216.jpg [299, 334, 151, 213]
217.jpg [300, 322, 154, 203]
218.jpg [278, 296, 153, 178]
219.jpg [391, 416, 136, 190]
220.jpg [68, 78, 81, 96]
221.jpg [324, 351, 119, 179]
222.jpg [164, 256, 152, 247]
223.jpg [294, 343, 158, 199]
224.jpg [289, 328, 73, 162]
225.jpg [303, 339, 161, 208]
226.jpg [336, 417, -3, 55]
227.jpg [363, 389, 0, 25]
228.jpg [235, 260, 160, 213]
229.jpg [292, 310, 160, 197]
230.jpg [286, 307, 162, 201]
231.jpg [242, 255, 135, 181]
232.jpg [557, 566, 172, 183]
233.jpg [188, 207, 191, 211]
234.jpg [374, 397, 103, 135]
235.jpg [317, 335, 112, 157]
236.jpg [237, 280, 80, 197]
237.jpg [385, 437, 170, 241]
238.jpg [250, 335, 287, 363]
239.jpg [381, 409, 193, 226]
240.jpg [437, 481, 202, 242]
241.jpg [314, 343, 182, 231]
242.jpg [370, 392, 99, 150]
243.jpg [289, 338, 145, 221]
244.jpg [226, 329, 56, 171]
245.jpg [276, 287, 101, 137]
246.jpg [409, 457, 18, 44]
247.jpg [366, 439, 308, 359]
248.jpg [303, 327, 151, 199]
249.jpg [302, 319, 179, 205]
250.jpg [293, 449, 151, 231]
251.jpg [276, 341, 123, 213]
252.jpg [368, 391, 52, 109]
253.jpg [292, 335, 153, 205]
254.jpg [309, 335, 168, 212]
255.jpg [293, 316, 168, 198]
256.jpg [321, 345, 80, 140]
257.jpg [307, 331, 174, 203]
258.jpg [418, 460, 167, 250]
259.jpg [307, 330, 174, 215]
260.jpg [313, 332, 150, 169]
261.jpg [283, 300, 151, 176]
262.jpg [368, 398, 96, 152]
263.jpg [579, 624, 60, 138]
264.jpg [430, 474, 212, 245]
265.jpg [234, 282, 64, 189]
266.jpg [299, 335, 151, 213]
267.jpg [319, 344, 234, 247]
268.jpg [265, 281, 234, 262]
269.jpg [316, 342, 166, 214]
270.jpg [308, 338, 158, 249]
271.jpg [298, 320, 169, 201]
272.jpg [194, 323, 47, 183]
273.jpg [215, 323, 144, 208]
274.jpg [217, 257, 117, 215]
275.jpg [213, 322, 44, 182]
276.jpg [275, 297, 194, 235]
277.jpg [335, 405, 123, 287]
278.jpg [502, 509, 171, 180]
279.jpg [323, 373, 10, 35]
280.jpg [347, 376, 71, 130]
281.jpg [227, 267, 135, 211]
282.jpg [389, 412, 118, 178]
283.jpg [437, 484, 203, 242]
284.jpg [277, 287, 100, 135]
285.jpg [362, 392, 112, 171]
286.jpg [266, 336, 126, 243]
287.jpg [97, 272, 71, 169]
288.jpg [295, 338, 140, 214]
289.jpg [437, 477, 204, 236]
290.jpg [355, 357, 173, 178]
291.jpg [364, 424, 98, 254]
292.jpg [294, 328, 157, 214]
293.jpg [302, 328, 163, 213]
294.jpg [336, 352, 169, 209]
295.jpg [336, 352, 185, 205]
296.jpg [304, 328, 150, 168]
297.jpg [421, 445, 116, 166]
298.jpg [560, 576, 249, 266]
299.jpg [322, 371, 7, 33]
300.jpg [316, 334, 148, 170]
301.jpg [265, 291, 153, 198]
302.jpg [222, 237, 322, 353]
303.jpg [315, 341, 9, 65]
304.jpg [263, 352, 153, 210]
305.jpg [297, 340, 163, 209]
306.jpg [546, 566, 214, 231]
307.jpg [309, 334, 159, 179]
308.jpg [268, 314, 164, 262]
309.jpg [293, 340, 148, 231]
310.jpg [276, 306, 136, 196]
311.jpg [347, 370, 87, 139]
312.jpg [301, 349, 98, 213]
313.jpg [38, 72, 16, 36]
314.jpg [332, 363, 158, 214]
315.jpg [299, 379, 43, 252]
316.jpg [246, 283, 109, 166]
317.jpg [289, 337, 144, 221]
318.jpg [338, 371, 82, 110]
319.jpg [287, 334, 131, 206]
320.jpg [294, 307, 97, 134]
321.jpg [363, 432, 313, 358]
322.jpg [288, 306, 152, 190]
323.jpg [198, 241, 147, 219]
324.jpg [275, 286, 101, 134]
325.jpg [154, 211, 130, 233]
326.jpg [307, 327, 169, 195]
327.jpg [303, 329, 163, 208]
328.jpg [263, 288, 150, 195]
329.jpg [73, 172, 18, 152]
330.jpg [367, 452, 251, 365]
331.jpg [281, 310, 139, 198]
332.jpg [310, 335, 179, 221]
333.jpg [253, 305, 119, 198]
334.jpg [339, 370, 102, 158]
335.jpg [300, 321, 176, 204]
336.jpg [486, 501, 187, 218]
337.jpg [415, 421, 159, 169]
338.jpg [283, 328, 152, 224]
339.jpg [244, 255, 253, 281]
340.jpg [214, 248, 154, 215]
341.jpg [343, 366, 184, 239]
342.jpg [105, 169, 95, 212]
343.jpg [300, 326, 151, 210]
344.jpg [315, 341, 148, 200]
345.jpg [129, 146, 109, 168]
346.jpg [43, 203, 126, 193]
347.jpg [320, 433, 189, 257]
348.jpg [252, 298, 57, 171]
349.jpg [322, 362, 221, 363]
350.jpg [471, 510, 316, 336]
351.jpg [302, 418, 177, 272]
352.jpg [301, 327, 118, 161]
353.jpg [293, 319, 163, 206]
354.jpg [300, 319, 168, 199]
355.jpg [438, 471, 188, 216]
356.jpg [302, 322, 155, 187]
357.jpg [350, 367, 129, 171]
358.jpg [380, 404, 1, 41]
359.jpg [280, 346, 135, 271]
360.jpg [131, 176, 138, 217]
361.jpg [441, 457, 246, 273]
362.jpg [533, 569, 270, 290]
363.jpg [306, 336, 158, 232]
364.jpg [349, 378, 71, 130]
365.jpg [288, 299, 100, 133]
366.jpg [285, 305, 162, 201]
367.jpg [283, 300, 160, 186]
368.jpg [226, 267, 47, 172]
369.jpg [272, 308, 125, 183]
370.jpg [300, 381, 128, 242]
371.jpg [346, 351, 141, 150]
372.jpg [328, 352, 170, 200]
373.jpg [296, 316, 167, 197]
374.jpg [303, 326, 169, 200]
375.jpg [318, 351, 154, 223]
376.jpg [235, 281, 61, 194]
377.jpg [307, 340, 154, 221]
378.jpg [298, 340, 182, 220]
379.jpg [290, 327, 147, 211]
380.jpg [289, 311, 131, 180]
381.jpg [310, 340, 9, 67]
382.jpg [242, 268, 155, 200]
383.jpg [319, 414, 24, 152]
384.jpg [299, 376, 111, 281]
385.jpg [310, 332, 172, 215]
386.jpg [312, 345, 152, 222]
387.jpg [174, 261, 228, 363]
388.jpg [325, 350, 172, 201]
389.jpg [302, 323, 169, 202]
390.jpg [321, 356, 135, 185]
391.jpg [353, 441, 29, 145]
392.jpg [329, 333, 136, 147]
393.jpg [287, 310, 13, 62]
394.jpg [370, 394, 124, 178]
395.jpg [301, 328, 152, 174]
396.jpg [298, 318, 166, 197]
397.jpg [451, 500, 217, 282]
398.jpg [267, 284, 217, 241]
399.jpg [283, 332, 178, 261]
400.jpg [310, 334, 168, 213]
401.jpg [318, 399, 160, 257]
402.jpg [66, 106, 174, 249]
403.jpg [278, 294, 153, 178]
404.jpg [254, 310, 151, 259]
405.jpg [250, 298, 113, 215]
406.jpg [376, 393, 66, 108]
407.jpg [329, 368, 174, 193]
408.jpg [154, 292, 31, 194]
409.jpg [315, 339, 161, 226]
410.jpg [391, 420, 195, 224]
411.jpg [284, 344, 141, 243]
412.jpg [426, 486, 41, 132]
413.jpg [470, 517, 221, 267]
414.jpg [282, 321, 44, 153]
415.jpg [429, 480, 24, 49]
416.jpg [288, 324, 115, 170]
417.jpg [372, 375, 185, 192]
418.jpg [363, 417, 95, 240]
419.jpg [299, 318, 133, 175]
420.jpg [308, 340, 161, 227]
421.jpg [273, 312, 45, 147]
422.jpg [120, 175, 179, 320]
423.jpg [292, 331, 152, 229]
424.jpg [400, 450, 184, 297]
425.jpg [377, 410, 273, 287]
426.jpg [243, 266, 191, 234]
427.jpg [298, 336, 151, 214]
428.jpg [282, 348, 141, 272]
429.jpg [289, 325, 165, 238]
430.jpg [279, 309, 148, 200]
431.jpg [263, 303, 76, 178]
432.jpg [400, 453, 170, 246]
433.jpg [314, 337, 160, 198]
434.jpg [322, 362, 215, 371]
435.jpg [284, 314, 27, 84]
436.jpg [195, 239, 143, 214]
437.jpg [23, 34, 76, 91]
438.jpg [293, 342, 146, 227]
439.jpg [243, 258, 133, 178]
440.jpg [292, 337, 129, 258]
441.jpg [308, 328, 159, 177]
442.jpg [453, 460, 166, 174]
443.jpg [300, 323, 153, 203]
444.jpg [300, 322, 173, 193]
445.jpg [214, 250, 211, 271]
446.jpg [21, 56, 14, 36]
447.jpg [278, 323, 130, 253]
448.jpg [104, 141, 174, 250]
449.jpg [297, 322, 154, 202]
450.jpg [299, 320, 167, 201]
451.jpg [434, 471, 191, 217]
452.jpg [218, 279, 159, 231]
453.jpg [236, 352, 170, 251]
454.jpg [362, 433, 323, 358]
455.jpg [282, 306, 168, 197]
456.jpg [377, 380, 203, 208]
457.jpg [309, 343, 146, 200]
458.jpg [428, 445, 159, 183]
459.jpg [297, 320, 160, 208]
460.jpg [40, 71, 16, 36]
461.jpg [345, 363, 122, 161]
462.jpg [224, 365, 162, 259]
463.jpg [296, 338, 158, 197]
464.jpg [38, 72, 15, 37]
465.jpg [354, 386, 156, 213]
466.jpg [302, 324, 149, 192]
467.jpg [349, 457, 153, 289]
468.jpg [308, 336, 147, 196]
469.jpg [310, 347, 154, 210]
470.jpg [125, 146, 181, 211]
471.jpg [73, 91, 192, 228]
472.jpg [301, 320, 170, 198]
473.jpg [245, 285, 151, 221]
474.jpg [309, 339, 143, 197]
475.jpg [458, 499, 190, 225]
476.jpg [310, 336, 167, 215]
477.jpg [310, 334, 170, 216]
478.jpg [185, 204, 98, 142]
479.jpg [34, 46, 79, 95]
480.jpg [312, 338, 154, 200]
481.jpg [349, 393, 10, 35]
482.jpg [299, 316, 138, 181]
483.jpg [147, 170, 139, 158]
484.jpg [240, 266, 160, 209]
485.jpg [434, 467, 20, 85]
486.jpg [277, 296, 145, 192]
487.jpg [294, 322, 128, 153]
488.jpg [246, 285, 157, 190]
489.jpg [214, 228, 302, 335]
490.jpg [295, 318, 161, 204]
491.jpg [320, 370, 109, 245]
492.jpg [299, 318, 169, 198]
493.jpg [305, 381, 302, 359]
494.jpg [30, 44, 79, 96]
495.jpg [326, 356, 239, 253]
496.jpg [238, 261, 285, 331]
497.jpg [274, 378, 44, 166]
498.jpg [363, 450, 72, 140]
499.jpg [167, 227, 143, 194]
500.jpg [203, 265, 125, 161]
501.jpg [329, 334, 143, 154]
502.jpg [149, 198, 74, 159]
503.jpg [300, 323, 152, 204]
504.jpg [276, 376, 44, 166]
505.jpg [296, 340, 157, 199]
506.jpg [490, 525, 319, 340]
507.jpg [392, 418, 66, 124]
508.jpg [306, 338, 153, 200]
509.jpg [293, 326, 153, 219]
510.jpg [305, 338, 162, 203]
511.jpg [380, 414, 15, 79]
512.jpg [295, 432, 179, 245]
513.jpg [302, 331, 158, 199]
514.jpg [308, 328, 186, 212]
515.jpg [243, 270, 224, 261]
516.jpg [397, 429, 284, 300]
517.jpg [305, 326, 176, 203]
518.jpg [493, 513, 209, 226]
519.jpg [308, 334, 154, 201]
520.jpg [246, 273, 154, 197]
521.jpg [457, 480, 236, 266]
522.jpg [31, 44, 78, 96]
523.jpg [328, 342, 113, 148]
524.jpg [343, 372, 162, 215]
525.jpg [300, 322, 169, 202]
526.jpg [555, 569, 199, 213]
527.jpg [302, 341, 162, 201]
528.jpg [297, 335, 153, 213]
529.jpg [441, 499, 228, 292]
530.jpg [254, 320, 145, 223]
531.jpg [131, 277, 46, 208]
532.jpg [439, 476, 188, 216]
533.jpg [293, 353, 126, 245]
534.jpg [238, 344, 145, 209]
535.jpg [305, 424, 172, 290]
536.jpg [532, 572, 328, 348]
537.jpg [405, 428, 207, 231]
538.jpg [286, 338, 129, 203]
539.jpg [220, 320, 129, 252]
540.jpg [467, 498, 140, 168]
541.jpg [302, 327, 132, 158]
542.jpg [250, 276, 156, 208]
543.jpg [306, 317, 104, 141]
544.jpg [297, 341, 142, 239]
545.jpg [40, 71, 16, 36]
546.jpg [221, 316, 148, 203]
547.jpg [425, 431, 161, 170]
548.jpg [244, 270, 159, 210]
549.jpg [20, 30, 77, 92]
550.jpg [295, 327, 166, 190]
551.jpg [310, 335, 152, 202]
552.jpg [303, 320, 193, 219]
553.jpg [306, 360, 116, 261]
554.jpg [312, 330, 79, 126]
555.jpg [103, 204, 9, 158]
556.jpg [171, 220, 83, 165]
557.jpg [286, 314, 144, 224]
558.jpg [345, 385, 134, 183]
559.jpg [324, 342, 186, 231]
560.jpg [222, 283, 58, 198]
561.jpg [172, 239, 147, 237]
562.jpg [161, 181, 180, 201]
563.jpg [221, 235, 318, 352]
564.jpg [317, 341, 167, 233]
565.jpg [329, 349, 33, 85]
566.jpg [450, 486, 189, 219]
567.jpg [266, 296, 152, 212]
568.jpg [426, 441, 153, 177]
569.jpg [265, 297, 171, 233]
570.jpg [358, 364, 170, 182]
571.jpg [315, 369, 142, 242]
572.jpg [130, 162, 239, 263]
573.jpg [299, 319, 177, 201]
574.jpg [309, 333, 168, 200]
575.jpg [299, 334, 161, 218]
576.jpg [265, 351, 153, 209]
577.jpg [213, 276, 94, 237]
578.jpg [416, 456, 214, 248]
579.jpg [238, 312, 117, 289]
580.jpg [293, 352, 136, 243]
581.jpg [152, 293, 54, 192]
582.jpg [293, 319, 119, 159]
583.jpg [290, 338, 154, 196]
584.jpg [290, 343, 6, 34]
585.jpg [329, 349, 152, 177]
586.jpg [287, 307, 162, 202]
587.jpg [325, 349, 129, 181]
588.jpg [297, 334, 152, 214]
589.jpg [371, 398, 122, 179]
590.jpg [303, 361, 134, 287]
591.jpg [365, 390, 190, 248]
592.jpg [375, 408, 96, 150]
593.jpg [325, 350, 165, 225]
594.jpg [439, 464, 237, 264]
595.jpg [318, 347, 168, 216]
596.jpg [207, 297, 130, 184]
597.jpg [241, 314, 114, 293]
598.jpg [305, 385, -5, 61]
599.jpg [487, 521, 317, 338]
600.jpg [302, 322, 170, 201]
601.jpg [302, 379, 300, 361]
602.jpg [310, 323, 175, 200]
603.jpg [326, 354, 162, 212]
604.jpg [406, 435, 152, 189]
605.jpg [372, 374, 203, 207]
606.jpg [248, 261, 135, 180]
607.jpg [298, 328, 137, 203]
608.jpg [306, 330, 153, 202]
609.jpg [289, 310, 168, 206]
610.jpg [88, 112, 203, 251]
611.jpg [541, 557, 265, 285]
612.jpg [320, 337, 134, 168]
613.jpg [300, 344, 165, 210]
614.jpg [290, 309, 159, 199]
615.jpg [282, 308, 159, 203]
616.jpg [300, 348, 113, 248]
617.jpg [279, 315, 164, 193]
618.jpg [222, 238, 319, 353]
619.jpg [342, 364, 68, 93]
620.jpg [287, 327, 188, 267]
621.jpg [387, 428, 51, 83]
622.jpg [340, 370, 160, 214]
623.jpg [298, 318, 175, 203]
624.jpg [564, 625, 9, 93]
625.jpg [314, 336, 158, 199]
626.jpg [440, 486, 206, 247]
627.jpg [428, 457, 198, 225]
628.jpg [92, 186, 52, 146]
629.jpg [267, 282, 216, 242]
630.jpg [270, 315, 163, 264]
631.jpg [220, 350, 112, 266]
632.jpg [349, 394, 10, 34]
633.jpg [306, 331, 153, 202]
634.jpg [289, 320, 153, 210]
635.jpg [299, 327, 143, 203]
636.jpg [300, 323, 149, 198]
637.jpg [286, 307, 169, 211]
638.jpg [341, 381, 148, 207]
639.jpg [282, 369, 134, 244]
640.jpg [231, 244, 292, 325]
641.jpg [381, 406, 136, 191]
642.jpg [298, 322, 152, 198]
643.jpg [295, 322, 185, 217]
644.jpg [341, 368, 161, 219]
645.jpg [242, 409, 163, 256]
646.jpg [279, 290, 105, 139]
647.jpg [295, 315, 152, 192]
648.jpg [304, 316, 128, 164]
649.jpg [261, 339, 137, 273]
650.jpg [299, 320, 280, 306]
651.jpg [347, 377, 113, 170]
652.jpg [233, 359, 125, 253]
653.jpg [304, 335, 146, 219]
654.jpg [551, 563, 179, 193]
655.jpg [268, 334, 132, 230]
656.jpg [376, 380, 200, 205]
657.jpg [320, 380, 168, 287]
658.jpg [307, 327, 257, 285]
659.jpg [316, 340, 156, 224]
660.jpg [306, 373, 127, 225]
661.jpg [269, 319, 95, 244]
662.jpg [329, 385, 156, 229]
663.jpg [253, 344, 151, 207]
664.jpg [252, 275, 76, 114]
665.jpg [307, 327, 185, 214]
666.jpg [298, 330, 132, 182]
667.jpg [361, 393, 265, 280]
668.jpg [289, 308, 164, 204]
669.jpg [237, 282, 84, 193]
670.jpg [450, 483, 187, 220]
671.jpg [312, 349, 145, 200]
672.jpg [289, 354, 133, 243]
673.jpg [274, 296, 168, 208]
674.jpg [377, 462, 54, 122]
675.jpg [262, 291, 137, 206]
676.jpg [308, 334, 160, 206]
677.jpg [322, 370, 10, 34]
678.jpg [445, 542, 97, 275]
679.jpg [198, 275, 148, 341]
680.jpg [223, 262, 115, 136]
681.jpg [296, 317, 177, 204]
682.jpg [370, 421, 276, 360]
683.jpg [301, 313, 132, 166]
684.jpg [384, 401, 172, 193]
685.jpg [285, 337, 180, 263]
686.jpg [299, 322, 170, 204]
687.jpg [313, 334, 176, 198]
688.jpg [295, 339, 149, 234]
689.jpg [230, 267, 122, 219]
690.jpg [273, 353, 153, 210]
691.jpg [303, 339, 143, 221]
692.jpg [202, 219, 195, 218]
693.jpg [205, 248, 182, 249]
694.jpg [274, 306, 135, 200]
695.jpg [309, 371, 147, 244]
696.jpg [282, 362, 46, 230]
697.jpg [285, 305, 180, 221]
698.jpg [326, 336, 113, 145]
699.jpg [302, 320, 174, 197]
700.jpg [309, 322, 177, 200]
701.jpg [279, 332, 157, 217]
702.jpg [308, 336, 168, 213]
703.jpg [282, 293, 99, 130]
704.jpg [221, 234, 317, 351]
705.jpg [282, 294, 99, 132]
706.jpg [306, 316, 115, 150]
707.jpg [213, 243, 343, 360]
708.jpg [214, 257, 119, 144]
709.jpg [358, 405, 103, 196]
710.jpg [326, 357, 164, 212]
711.jpg [349, 376, 133, 186]
712.jpg [299, 335, 152, 213]
713.jpg [367, 453, 256, 359]
714.jpg [459, 507, 212, 276]
715.jpg [403, 448, 16, 41]
716.jpg [348, 385, 151, 213]
717.jpg [297, 320, 160, 215]
718.jpg [379, 397, 267, 303]
719.jpg [257, 286, 148, 190]
720.jpg [310, 335, 147, 169]
721.jpg [296, 332, 145, 230]
722.jpg [300, 321, 171, 205]
723.jpg [218, 260, 50, 168]
724.jpg [275, 286, 101, 135]
725.jpg [300, 328, 151, 175]
726.jpg [427, 464, 212, 240]
727.jpg [302, 336, 152, 213]
728.jpg [136, 278, 32, 193]
729.jpg [332, 364, 171, 217]
730.jpg [400, 484, 226, 332]
731.jpg [300, 338, 181, 222]
732.jpg [311, 342, 146, 217]
733.jpg [297, 314, 168, 203]
734.jpg [291, 310, 159, 197]
735.jpg [290, 330, 129, 211]
736.jpg [340, 368, 101, 152]
737.jpg [360, 390, 141, 168]
738.jpg [313, 399, 187, 254]
739.jpg [289, 321, 155, 203]
740.jpg [354, 392, 85, 171]
741.jpg [218, 250, 129, 194]
742.jpg [356, 409, 183, 273]
743.jpg [387, 404, 62, 100]
744.jpg [239, 269, 160, 203]
745.jpg [91, 130, 170, 248]
746.jpg [273, 382, 177, 246]
747.jpg [283, 335, 117, 226]
748.jpg [269, 282, 217, 245]
749.jpg [294, 334, 149, 228]
750.jpg [311, 336, 158, 196]
751.jpg [380, 407, 57, 113]
752.jpg [340, 373, 152, 213]
753.jpg [440, 459, 26, 50]
754.jpg [381, 407, 59, 114]
755.jpg [203, 263, 124, 161]
756.jpg [313, 338, 146, 196]
757.jpg [255, 274, 255, 294]
758.jpg [458, 491, 174, 203]
759.jpg [334, 355, -1, 53]
760.jpg [381, 440, 156, 250]
761.jpg [134, 178, 209, 275]
762.jpg [311, 332, 154, 177]
763.jpg [309, 341, 156, 220]
764.jpg [300, 342, 161, 205]
765.jpg [160, 235, 135, 228]
766.jpg [323, 398, 159, 259]
767.jpg [397, 429, 17, 82]
768.jpg [359, 404, 104, 193]
769.jpg [200, 241, 160, 246]
770.jpg [271, 298, 155, 200]
771.jpg [304, 341, 166, 209]
772.jpg [245, 294, 169, 225]
773.jpg [297, 352, 160, 227]
774.jpg [262, 290, 162, 203]
775.jpg [251, 341, 150, 208]
776.jpg [273, 297, 152, 199]
777.jpg [175, 228, 30, 162]
778.jpg [244, 274, 155, 201]
779.jpg [314, 352, 152, 210]
780.jpg [326, 344, 104, 152]
781.jpg [329, 347, 192, 212]
782.jpg [307, 319, 122, 164]
783.jpg [303, 342, 182, 225]
784.jpg [347, 375, 162, 208]
785.jpg [312, 357, 141, 202]
786.jpg [307, 331, 180, 210]
787.jpg [368, 394, 190, 214]
788.jpg [295, 319, 173, 204]
789.jpg [296, 323, 150, 203]
790.jpg [360, 433, 322, 359]
791.jpg [276, 288, 113, 150]
792.jpg [234, 383, 164, 256]
793.jpg [298, 322, 158, 200]
794.jpg [329, 354, 137, 180]
795.jpg [325, 362, 221, 365]
796.jpg [222, 244, 158, 199]
797.jpg [279, 309, 157, 183]
798.jpg [303, 375, 294, 360]
799.jpg [260, 296, 165, 277]
800.jpg [284, 334, 152, 206]
801.jpg [280, 304, 175, 201]
802.jpg [309, 327, 186, 213]
803.jpg [297, 430, 150, 274]
804.jpg [303, 333, 159, 213]
805.jpg [247, 268, 188, 230]
806.jpg [355, 374, 172, 196]
807.jpg [422, 454, 152, 185]
808.jpg [321, 362, 226, 366]
809.jpg [465, 501, 228, 316]
810.jpg [323, 347, 167, 224]
811.jpg [588, 632, 335, 357]
812.jpg [266, 302, 165, 196]
813.jpg [271, 316, 128, 211]
814.jpg [280, 298, 143, 191]
815.jpg [303, 342, 165, 209]
816.jpg [3, 111, 202, 254]
817.jpg [301, 349, 103, 247]
818.jpg [431, 473, 213, 241]
819.jpg [296, 330, 152, 236]
820.jpg [228, 247, 323, 359]
821.jpg [334, 363, 155, 210]
822.jpg [277, 308, 158, 184]
823.jpg [215, 228, 303, 340]
824.jpg [288, 310, 117, 137]
825.jpg [337, 340, 187, 196]
826.jpg [12, 101, -3, 58]
827.jpg [44, 203, 125, 196]
828.jpg [282, 400, 182, 312]
829.jpg [299, 319, 172, 202]
830.jpg [303, 381, -10, 66]
831.jpg [301, 324, 120, 173]
832.jpg [292, 329, 179, 255]
833.jpg [104, 114, 87, 101]
834.jpg [289, 397, 169, 243]
835.jpg [284, 344, 138, 201]
836.jpg [302, 328, 163, 208]
837.jpg [275, 308, 140, 211]
838.jpg [309, 334, 155, 202]
839.jpg [229, 342, 55, 171]
840.jpg [299, 318, 178, 203]
841.jpg [243, 276, 112, 143]
842.jpg [296, 335, 155, 225]
843.jpg [444, 497, 228, 290]
844.jpg [288, 372, 39, 239]
845.jpg [306, 321, 173, 196]
846.jpg [305, 332, 173, 212]
847.jpg [245, 265, 265, 309]
848.jpg [300, 311, 98, 135]
849.jpg [269, 347, 124, 275]
850.jpg [300, 327, 164, 218]
851.jpg [216, 250, 138, 198]
852.jpg [174, 303, 53, 193]
853.jpg [338, 355, 97, 143]
854.jpg [252, 341, 150, 207]
855.jpg [268, 289, 170, 206]
856.jpg [353, 404, 100, 239]
857.jpg [305, 316, 101, 136]
858.jpg [405, 411, 160, 169]
859.jpg [-11, 97, 218, 310]
860.jpg [307, 391, 60, 271]
861.jpg [249, 275, 161, 209]
862.jpg [303, 318, 157, 180]
863.jpg [272, 307, 123, 150]
864.jpg [512, 569, 143, 212]
865.jpg [375, 398, 55, 112]
866.jpg [294, 336, 124, 243]
867.jpg [339, 425, 151, 300]
868.jpg [260, 274, 209, 234]
869.jpg [291, 327, 145, 212]
870.jpg [333, 366, 164, 215]
871.jpg [235, 281, 71, 189]
872.jpg [396, 446, 171, 278]
873.jpg [300, 325, 152, 197]
874.jpg [393, 399, 158, 168]
875.jpg [260, 307, 133, 215]
876.jpg [254, 284, 165, 209]
877.jpg [299, 339, 165, 208]
878.jpg [305, 382, 168, 306]
879.jpg [336, 342, 140, 153]
880.jpg [340, 377, 150, 209]
881.jpg [302, 323, 166, 206]
882.jpg [286, 314, 157, 208]
883.jpg [283, 407, 166, 249]
884.jpg [302, 342, 168, 212]
885.jpg [317, 345, 161, 197]
886.jpg [369, 414, 246, 333]
887.jpg [298, 353, 111, 254]
888.jpg [213, 249, 176, 234]
889.jpg [298, 328, 161, 251]
890.jpg [362, 382, 79, 131]
891.jpg [301, 323, 170, 200]
892.jpg [298, 317, 175, 201]
893.jpg [301, 330, 146, 220]
894.jpg [432, 459, 244, 272]
895.jpg [96, 141, 197, 265]
896.jpg [275, 378, 174, 248]
897.jpg [308, 326, 160, 196]
898.jpg [305, 325, 155, 173]
899.jpg [261, 290, 161, 204]
900.jpg [266, 284, 233, 261]
901.jpg [301, 326, 152, 201]
902.jpg [305, 340, 158, 224]
903.jpg [303, 323, 155, 188]
904.jpg [318, 347, 119, 183]
905.jpg [330, 366, 173, 192]
906.jpg [286, 318, 144, 218]
907.jpg [348, 377, 254, 268]
908.jpg [286, 400, 169, 241]
909.jpg [367, 373, 155, 165]
910.jpg [351, 379, 105, 158]
911.jpg [191, 366, 127, 219]
912.jpg [303, 316, 129, 164]
913.jpg [381, 434, 83, 160]
914.jpg [303, 328, 163, 207]
915.jpg [264, 301, 217, 293]
916.jpg [389, 412, 144, 203]
917.jpg [192, 228, 207, 268]
918.jpg [272, 299, 147, 193]
919.jpg [154, 301, 64, 207]
920.jpg [225, 266, 86, 183]
921.jpg [344, 375, 103, 159]
922.jpg [270, 298, 154, 197]
923.jpg [283, 336, 127, 270]
924.jpg [141, 166, 127, 155]
925.jpg [550, 593, 329, 350]
926.jpg [459, 509, 213, 275]
927.jpg [302, 361, 118, 266]
928.jpg [335, 371, 144, 202]
929.jpg [266, 316, 182, 273]
930.jpg [403, 424, 206, 231]
931.jpg [556, 566, 171, 182]
932.jpg [406, 432, 284, 312]
933.jpg [383, 412, 197, 229]
934.jpg [270, 335, 141, 220]
935.jpg [68, 114, 194, 259]
936.jpg [335, 416, -11, 64]
937.jpg [401, 446, 92, 170]
938.jpg [297, 322, 167, 239]
939.jpg [354, 386, 152, 209]
940.jpg [277, 291, 217, 247]
941.jpg [342, 345, 179, 185]
942.jpg [179, 222, 108, 206]
943.jpg [212, 248, 150, 208]
944.jpg [374, 396, 77, 128]
945.jpg [278, 289, 102, 138]
946.jpg [360, 389, 134, 192]
947.jpg [250, 271, 258, 300]
948.jpg [289, 315, 130, 172]
949.jpg [295, 333, 65, 160]
950.jpg [495, 512, 211, 228]
951.jpg [304, 338, 162, 201]
952.jpg [223, 250, 301, 344]
953.jpg [301, 333, 124, 175]
954.jpg [307, 328, 168, 202]
955.jpg [360, 386, 134, 183]
956.jpg [314, 403, 186, 254]
957.jpg [289, 313, 21, 80]
958.jpg [314, 336, 159, 198]
959.jpg [205, 245, 123, 155]
960.jpg [295, 335, 155, 204]
961.jpg [317, 400, 157, 261]
962.jpg [246, 273, 165, 214]
963.jpg [303, 335, 163, 223]
964.jpg [302, 347, 96, 217]
965.jpg [328, 366, 192, 358]
966.jpg [272, 310, 138, 215]
967.jpg [288, 315, 130, 172]
968.jpg [514, 568, 24, 110]
969.jpg [486, 647, 29, 145]
970.jpg [315, 338, 164, 226]
971.jpg [290, 314, 133, 170]
972.jpg [317, 371, 146, 264]
973.jpg [464, 501, 193, 230]
974.jpg [296, 337, 160, 202]
975.jpg [309, 332, 177, 205]
976.jpg [232, 282, 119, 154]
977.jpg [360, 363, 182, 192]
978.jpg [301, 327, 159, 181]
979.jpg [248, 288, 162, 283]
980.jpg [233, 271, 117, 204]
981.jpg [306, 328, 175, 204]
982.jpg [272, 298, 154, 196]
983.jpg [355, 388, 159, 215]
984.jpg [258, 355, 151, 206]
985.jpg [335, 366, 157, 214]
986.jpg [212, 328, 136, 278]
987.jpg [299, 319, 172, 204]
988.jpg [275, 286, 101, 133]
989.jpg [392, 425, 283, 299]
990.jpg [66, 113, 193, 260]
991.jpg [348, 380, 148, 199]
992.jpg [295, 336, 154, 203]
993.jpg [302, 318, 172, 200]
994.jpg [128, 207, 17, 154]
995.jpg [319, 406, 153, 301]
996.jpg [302, 341, 213, 300]
997.jpg [368, 393, 142, 193]
998.jpg [291, 332, 130, 210]
999.jpg [317, 350, 81, 138]
